1940 1 -0.08018 0.06542
1940 2 -0.07879 0.06440
1940 3 -0.08085 0.06358
1940 4 -0.08030 0.06282
1940 5 -0.08124 0.06312
1940 6 -0.08434 0.06298
1940 7 -0.08468 0.06309
1940 8 -0.08580 0.06319
1940 9 -0.08209 0.06281
1940 10 -0.08162 0.06285
1940 11 -0.08435 0.06362
1940 12 -0.08959 0.06340
1941 1 -0.08807 0.06102
1941 2 -0.08692 0.06086
1941 3 -0.08807 0.05958
1941 4 -0.09225 0.05883
1941 5 -0.09072 0.05814
1941 6 -0.09023 0.05731
1941 7 -0.08600 0.05716
1941 8 -0.08299 0.05730
1941 9 -0.08094 0.05770
1941 10 -0.07919 0.05771
1941 11 -0.07906 0.05800
1941 12 -0.08263 0.05819
1942 1 -0.07927 0.05702
1942 2 -0.07956 0.05740
1942 3 -0.07807 0.05783
1942 4 -0.07292 0.05812
1942 5 -0.07285 0.05870
1942 6 -0.07244 0.05903
1942 7 -0.07154 0.05958
1942 8 -0.07052 0.06001
1942 9 -0.07214 0.06055
1942 10 -0.07058 0.06144
1942 11 -0.07398 0.06244
1942 12 -0.07537 0.06334
1943 1 -0.07392 0.06167
1943 2 -0.07307 0.06177
1943 3 -0.07156 0.06212
1943 4 -0.06894 0.06291
1943 5 -0.06711 0.06331
1943 6 -0.06879 0.06325
1943 7 -0.06672 0.06344
1943 8 -0.06692 0.06357
1943 9 -0.06947 0.06349
1943 10 -0.06517 0.06355
1943 11 -0.06622 0.06358
1943 12 -0.06747 0.06380
1944 1 -0.06544 0.06243
1944 2 -0.06872 0.06253
1944 3 -0.06848 0.06236
1944 4 -0.06863 0.06224
1944 5 -0.06683 0.06213
1944 6 -0.06926 0.06219
1944 7 -0.06868 0.06252
1944 8 -0.06793 0.06303
1944 9 -0.07218 0.06333
1944 10 -0.07230 0.06341
1944 11 -0.07604 0.06367
1944 12 -0.07490 0.06441
1945 1 -0.06946 0.06361
1945 2 -0.06837 0.06356
1945 3 -0.06785 0.06396
1945 4 -0.07002 0.06421
1945 5 -0.07020 0.06380
1945 6 -0.07133 0.06313
1945 7 -0.06878 0.06326
1945 8 -0.06844 0.06319
1945 9 -0.07162 0.06354
1945 10 -0.06913 0.06300
1945 11 -0.06731 0.06250
1945 12 -0.07056 0.06239
1946 1 -0.06840 0.06102
1946 2 -0.07159 0.05955
1946 3 -0.07060 0.05960
1946 4 -0.07328 0.05906
1946 5 -0.06105 0.05885
1946 6 -0.06208 0.05846
1946 7 -0.06043 0.05743
1946 8 -0.06092 0.05736
1946 9 -0.05834 0.05708
1946 10 -0.05744 0.05646
1946 11 -0.05881 0.05629
1946 12 -0.05972 0.05571
1947 1 -0.05186 0.05389
1947 2 -0.05497 0.05360
1947 3 -0.05607 0.05341
1947 4 -0.05564 0.05291
1947 5 -0.05507 0.05231
1947 6 -0.05733 0.05258
1947 7 -0.05561 0.05227
1947 8 -0.05921 0.05271
1947 9 -0.05665 0.05316
1947 10 -0.05750 0.05297
1947 11 -0.05694 0.05288
1947 12 -0.06113 0.05289
1948 1 -0.05790 0.05148
1948 2 -0.05849 0.05159
1948 3 -0.06197 0.05162
1948 4 -0.06379 0.05172
1948 5 -0.06765 0.05187
1948 6 -0.06948 0.05200
1948 7 -0.07149 0.05182
1948 8 -0.07455 0.05142
1948 9 -0.07465 0.05120
1948 10 -0.07374 0.05069
1948 11 -0.07283 0.05046
1948 12 -0.07162 0.05051
1949 1 -0.06803 0.04935
1949 2 -0.06934 0.04982
1949 3 -0.07066 0.04967
1949 4 -0.06915 0.04951
1949 5 -0.06694 0.04940
1949 6 -0.06753 0.04905
1949 7 -0.06559 0.04851
1949 8 -0.06660 0.04813
1949 9 -0.06803 0.04734
1949 10 -0.07056 0.04660
1949 11 -0.06824 0.04618
1949 12 -0.06700 0.04596
1950 1 -0.06358 0.04510
1950 2 -0.06609 0.04514
1950 3 -0.06598 0.04436
1950 4 -0.07158 0.04429
1950 5 -0.07578 0.04443
1950 6 -0.07344 0.04457
1950 7 -0.07184 0.04470
1950 8 -0.07077 0.04454
1950 9 -0.06966 0.04425
1950 10 -0.07109 0.04366
1950 11 -0.07095 0.04301
1950 12 -0.06924 0.04265
1951 1 -0.06384 0.04148
1951 2 -0.05856 0.04115
1951 3 -0.05650 0.04157
1951 4 -0.05466 0.04174
1951 5 -0.05392 0.04155
1951 6 -0.05418 0.04174
1951 7 -0.05345 0.04184
1951 8 -0.05125 0.04193
1951 9 -0.05157 0.04149
1951 10 -0.05097 0.04117
1951 11 -0.05293 0.04090
1951 12 -0.05532 0.04074
1952 1 -0.05085 0.04024
1952 2 -0.05278 0.04071
1952 3 -0.05509 0.04100
1952 4 -0.05984 0.04151
1952 5 -0.06170 0.04164
1952 6 -0.05984 0.04177
1952 7 -0.06024 0.04216
1952 8 -0.06133 0.04301
1952 9 -0.06294 0.04344
1952 10 -0.06426 0.04351
1952 11 -0.06470 0.04358
1952 12 -0.06430 0.04309
1953 1 -0.05995 0.04270
1953 2 -0.05979 0.04301
1953 3 -0.05584 0.04296
1953 4 -0.05787 0.04301
1953 5 -0.05553 0.04359
1953 6 -0.05641 0.04423
1953 7 -0.05620 0.04452
1953 8 -0.05333 0.04458
1953 9 -0.05472 0.04503
1953 10 -0.05499 0.04529
1953 11 -0.05476 0.04552
1953 12 -0.05429 0.04569
1954 1 -0.05332 0.04411
1954 2 -0.05227 0.04364
1954 3 -0.05381 0.04364
1954 4 -0.05140 0.04346
1954 5 -0.04989 0.04356
1954 6 -0.04818 0.04372
1954 7 -0.04725 0.04377
1954 8 -0.04778 0.04378
1954 9 -0.04937 0.04355
1954 10 -0.05162 0.04337
1954 11 -0.05328 0.04278
1954 12 -0.05363 0.04227
1955 1 -0.04847 0.04237
1955 2 -0.05084 0.04106
1955 3 -0.05815 0.04023
1955 4 -0.06277 0.03940
1955 5 -0.06670 0.03931
1955 6 -0.06643 0.03916
1955 7 -0.07009 0.03887
1955 8 -0.06898 0.03826
1955 9 -0.06812 0.03773
1955 10 -0.06831 0.03735
1955 11 -0.06788 0.03627
1955 12 -0.06319 0.03527
1956 1 -0.06010 0.03401
1956 2 -0.06366 0.03370
1956 3 -0.06139 0.03307
1956 4 -0.06320 0.03275
1956 5 -0.06372 0.03237
1956 6 -0.06496 0.03196
1956 7 -0.06433 0.03159
1956 8 -0.06169 0.03128
1956 9 -0.06599 0.03099
1956 10 -0.06315 0.03066
1956 11 -0.06329 0.03054
1956 12 -0.06135 0.03014
1957 1 -0.05736 0.02942
1957 2 -0.06068 0.02957
1957 3 -0.06201 0.02951
1957 4 -0.06200 0.02938
1957 5 -0.06223 0.02950
1957 6 -0.06112 0.02937
1957 7 -0.05812 0.02897
1957 8 -0.05778 0.02849
1957 9 -0.05742 0.02851
1957 10 -0.05503 0.02840
1957 11 -0.05605 0.02833
1957 12 -0.05554 0.02783
1958 1 -0.05021 0.03325
1958 2 -0.04851 0.03318
1958 3 -0.04697 0.03311
1958 4 -0.04690 0.03287
1958 5 -0.04958 0.03259
1958 6 -0.04910 0.03254
1958 7 -0.04624 0.03260
1958 8 -0.04351 0.03282
1958 9 -0.04337 0.03298
1958 10 -0.04768 0.03344
1958 11 -0.04985 0.03343
1958 12 -0.04974 0.03343
1959 1 -0.04926 0.03288
1959 2 -0.05217 0.03297
1959 3 -0.05639 0.03265
1959 4 -0.05872 0.03221
1959 5 -0.05728 0.03224
1959 6 -0.05530 0.03210
1959 7 -0.05079 0.03213
1959 8 -0.04897 0.03225
1959 9 -0.04926 0.03220
1959 10 -0.04783 0.03197
1959 11 -0.05503 0.03178
1959 12 -0.05313 0.03154
1960 1 -0.05095 0.03025
1960 2 -0.04844 0.02999
1960 3 -0.04598 0.03044
1960 4 -0.04615 0.03091
1960 5 -0.04506 0.03110
1960 6 -0.04661 0.03147
1960 7 -0.04514 0.03137
1960 8 -0.04407 0.03116
1960 9 -0.04467 0.03129
1960 10 -0.04419 0.03123
1960 11 -0.04452 0.03154
1960 12 -0.04729 0.03173
1961 1 -0.04854 0.03081
1961 2 -0.05198 0.03108
1961 3 -0.05427 0.03122
1961 4 -0.05391 0.03075
1961 5 -0.05308 0.03082
1961 6 -0.05123 0.03092
1961 7 -0.04874 0.03100
1961 8 -0.05002 0.03099
1961 9 -0.05135 0.03081
1961 10 -0.04906 0.03094
1961 11 -0.04802 0.03093
1961 12 -0.04470 0.03043
1962 1 -0.03917 0.02957
1962 2 -0.03774 0.02934
1962 3 -0.03622 0.02863
1962 4 -0.03449 0.02802
1962 5 -0.03563 0.02790
1962 6 -0.03491 0.02770
1962 7 -0.03423 0.02773
1962 8 -0.03126 0.02787
1962 9 -0.02955 0.02816
1962 10 -0.02882 0.02781
1962 11 -0.03105 0.02764
1962 12 -0.03183 0.02729
1963 1 -0.03128 0.02635
1963 2 -0.03354 0.02651
1963 3 -0.03776 0.02670
1963 4 -0.04358 0.02656
1963 5 -0.04033 0.02613
1963 6 -0.03917 0.02602
1963 7 -0.03789 0.02566
1963 8 -0.03913 0.02587
1963 9 -0.03892 0.02571
1963 10 -0.04180 0.02531
1963 11 -0.04468 0.02497
1963 12 -0.04494 0.02520
1964 1 -0.04209 0.02498
1964 2 -0.04381 0.02529
1964 3 -0.04388 0.02569
1964 4 -0.04405 0.02618
1964 5 -0.04373 0.02666
1964 6 -0.04317 0.02662
1964 7 -0.04411 0.02665
1964 8 -0.04590 0.02663
1964 9 -0.04720 0.02634
1964 10 -0.04677 0.02588
1964 11 -0.04685 0.02594
1964 12 -0.04978 0.02592
1965 1 -0.04847 0.02514
1965 2 -0.04860 0.02491
1965 3 -0.05407 0.02493
1965 4 -0.05359 0.02470
1965 5 -0.05137 0.02486
1965 6 -0.04992 0.02479
1965 7 -0.05044 0.02430
1965 8 -0.04945 0.02407
1965 9 -0.04807 0.02397
1965 10 -0.04568 0.02456
1965 11 -0.04582 0.02447
1965 12 -0.04522 0.02440
1966 1 -0.04188 0.02381
1966 2 -0.04210 0.02399
1966 3 -0.04145 0.02375
1966 4 -0.04080 0.02390
1966 5 -0.03872 0.02384
1966 6 -0.03809 0.02358
1966 7 -0.03964 0.02356
1966 8 -0.04098 0.02354
1966 9 -0.03980 0.02336
1966 10 -0.04183 0.02281
1966 11 -0.04326 0.02206
1966 12 -0.04465 0.02214
1967 1 -0.04156 0.02179
1967 2 -0.04173 0.02169
1967 3 -0.04241 0.02156
1967 4 -0.04448 0.02135
1967 5 -0.04601 0.02110
1967 6 -0.04637 0.02076
1967 7 -0.04397 0.02069
1967 8 -0.04287 0.02066
1967 9 -0.04225 0.02097
1967 10 -0.04364 0.02062
1967 11 -0.04504 0.02074
1967 12 -0.04599 0.02049
1968 1 -0.04496 0.01987
1968 2 -0.04640 0.01983
1968 3 -0.04734 0.02006
1968 4 -0.04842 0.01996
1968 5 -0.04774 0.01985
1968 6 -0.04900 0.01982
1968 7 -0.04831 0.01976
1968 8 -0.04994 0.01960
1968 9 -0.04992 0.01947
1968 10 -0.05123 0.01928
1968 11 -0.05163 0.01905
1968 12 -0.05180 0.01888
1969 1 -0.04858 0.01853
1969 2 -0.04967 0.01852
1969 3 -0.05091 0.01905
1969 4 -0.05163 0.01925
1969 5 -0.05112 0.01951
1969 6 -0.05065 0.01967
1969 7 -0.04940 0.01961
1969 8 -0.05083 0.01951
1969 9 -0.05243 0.01942
1969 10 -0.05216 0.01917
1969 11 -0.05254 0.01953
1969 12 -0.05111 0.01947
1970 1 -0.05035 0.02153
1970 2 -0.04941 0.02172
1970 3 -0.04967 0.02207
1970 4 -0.04941 0.02209
1970 5 -0.04600 0.02228
1970 6 -0.04664 0.02243
1970 7 -0.04326 0.02227
1970 8 -0.04183 0.02245
1970 9 -0.04277 0.02272
1970 10 -0.04299 0.02254
1970 11 -0.04181 0.02253
1970 12 -0.04248 0.02243
1971 1 -0.03905 0.02136
1971 2 -0.04161 0.02126
1971 3 -0.04325 0.02097
1971 4 -0.04588 0.02073
1971 5 -0.04352 0.02048
1971 6 -0.04366 0.02049
1971 7 -0.04050 0.02059
1971 8 -0.03755 0.02054
1971 9 -0.03488 0.02077
1971 10 -0.03389 0.02125
1971 11 -0.03585 0.02100
1971 12 -0.03669 0.02112
1972 1 -0.03639 0.02097
1972 2 -0.03563 0.02113
1972 3 -0.03550 0.02086
1972 4 -0.03406 0.02085
1972 5 -0.03518 0.02103
1972 6 -0.03814 0.02116
1972 7 -0.04425 0.02143
1972 8 -0.04674 0.02100
1972 9 -0.04453 0.02100
1972 10 -0.04411 0.02099
1972 11 -0.04484 0.02092
1972 12 -0.04389 0.02072
1973 1 -0.04249 0.02054
1973 2 -0.04423 0.02071
1973 3 -0.04247 0.02070
1973 4 -0.03907 0.02064
1973 5 -0.03812 0.02114
1973 6 -0.04014 0.02133
1973 7 -0.04039 0.02129
1973 8 -0.03935 0.02167
1973 9 -0.03865 0.02180
1973 10 -0.03776 0.02183
1973 11 -0.03769 0.02206
1973 12 -0.03564 0.02210
1974 1 -0.03538 0.02159
1974 2 -0.03724 0.02164
1974 3 -0.03663 0.02168
1974 4 -0.04002 0.02200
1974 5 -0.03869 0.02209
1974 6 -0.03639 0.02229
1974 7 -0.03437 0.02231
1974 8 -0.03041 0.02268
1974 9 -0.03123 0.02265
1974 10 -0.03042 0.02242
1974 11 -0.02936 0.02211
1974 12 -0.02961 0.02159
1975 1 -0.02709 0.02089
1975 2 -0.02898 0.02124
1975 3 -0.02804 0.02158
1975 4 -0.02614 0.02162
1975 5 -0.02970 0.02219
1975 6 -0.03448 0.02296
1975 7 -0.03441 0.02288
1975 8 -0.03027 0.02267
1975 9 -0.02788 0.02263
1975 10 -0.02451 0.02241
1975 11 -0.02451 0.02256
1975 12 -0.02612 0.02270
1976 1 -0.02627 0.02216
1976 2 -0.02730 0.02221
1976 3 -0.03053 0.02228
1976 4 -0.03199 0.02246
1976 5 -0.03169 0.02247
1976 6 -0.02884 0.02237
1976 7 -0.02999 0.02213
1976 8 -0.02841 0.02168
1976 9 -0.02262 0.02112
1976 10 -0.02267 0.02101
1976 11 -0.02511 0.02089
1976 12 -0.02242 0.02096
1977 1 -0.01953 0.02021
1977 2 -0.01636 0.02004
1977 3 -0.01539 0.02001
1977 4 -0.01320 0.02054
1977 5 -0.01411 0.02075
1977 6 -0.01999 0.02106
1977 7 -0.02038 0.02114
1977 8 -0.02283 0.02110
1977 9 -0.02496 0.02064
1977 10 -0.02377 0.02005
1977 11 -0.02436 0.01986
1977 12 -0.02256 0.01962
1978 1 -0.01969 0.01889
1978 2 -0.02045 0.01883
1978 3 -0.02136 0.01885
1978 4 -0.02353 0.01895
1978 5 -0.02481 0.01891
1978 6 -0.02495 0.01918
1978 7 -0.02220 0.01924
1978 8 -0.02489 0.01890
1978 9 -0.02362 0.01801
1978 10 -0.02279 0.01758
1978 11 -0.02333 0.01721
1978 12 -0.02352 0.01698
1979 1 -0.02568 0.01669
1979 2 -0.02628 0.01652
1979 3 -0.02581 0.01630
1979 4 -0.02381 0.01644
1979 5 -0.02288 0.01630
1979 6 -0.02451 0.01675
1979 7 -0.02878 0.01690
1979 8 -0.03178 0.01664
1979 9 -0.03312 0.01660
1979 10 -0.03237 0.01646
1979 11 -0.03101 0.01633
1979 12 -0.02917 0.01620
1980 1 -0.02118 0.01635
1980 2 -0.01811 0.01652
1980 3 -0.01512 0.01649
1980 4 -0.01480 0.01638
1980 5 -0.01575 0.01656
1980 6 -0.01643 0.01682
1980 7 -0.01608 0.01717
1980 8 -0.01974 0.01739
1980 9 -0.01713 0.01752
1980 10 -0.02054 0.01750
1980 11 -0.02044 0.01727
1980 12 -0.02283 0.01696
1981 1 -0.01937 0.01640
1981 2 -0.02189 0.01670
1981 3 -0.02255 0.01700
1981 4 -0.02381 0.01717
1981 5 -0.02335 0.01740
1981 6 -0.02889 0.01747
1981 7 -0.02737 0.01765
1981 8 -0.02652 0.01817
1981 9 -0.02406 0.01829
1981 10 -0.02115 0.01788
1981 11 -0.02370 0.01754
1981 12 -0.02460 0.01703
1982 1 -0.02353 0.01603
1982 2 -0.02270 0.01568
1982 3 -0.02333 0.01551
1982 4 -0.02363 0.01552
1982 5 -0.02575 0.01556
1982 6 -0.02930 0.01535
1982 7 -0.03012 0.01541
1982 8 -0.03063 0.01531
1982 9 -0.03140 0.01562
1982 10 -0.03094 0.01569
1982 11 -0.03141 0.01548
1982 12 -0.03505 0.01522
1983 1 -0.03209 0.01439
1983 2 -0.03080 0.01435
1983 3 -0.02694 0.01441
1983 4 -0.02609 0.01477
1983 5 -0.02724 0.01502
1983 6 -0.02796 0.01502
1983 7 -0.03017 0.01505
1983 8 -0.03101 0.01511
1983 9 -0.02979 0.01490
1983 10 -0.02735 0.01517
1983 11 -0.02481 0.01510
1983 12 -0.02330 0.01500
1984 1 -0.01892 0.01462
1984 2 -0.01910 0.01480
1984 3 -0.02058 0.01500
1984 4 -0.02129 0.01516
1984 5 -0.02661 0.01544
1984 6 -0.03088 0.01544
1984 7 -0.03108 0.01550
1984 8 -0.02882 0.01554
1984 9 -0.02734 0.01530
1984 10 -0.02539 0.01501
1984 11 -0.02099 0.01493
1984 12 -0.02125 0.01501
1985 1 -0.01821 0.01462
1985 2 -0.01443 0.01440
1985 3 -0.01277 0.01432
1985 4 -0.01168 0.01433
1985 5 -0.01228 0.01440
1985 6 -0.01429 0.01443
1985 7 -0.01731 0.01414
1985 8 -0.02099 0.01452
1985 9 -0.02234 0.01455
1985 10 -0.02135 0.01458
1985 11 -0.02063 0.01432
1985 12 -0.02060 0.01426
1986 1 -0.02040 0.01387
1986 2 -0.01900 0.01384
1986 3 -0.01780 0.01366
1986 4 -0.01528 0.01372
1986 5 -0.01374 0.01355
1986 6 -0.01377 0.01366
1986 7 -0.01250 0.01389
1986 8 -0.01481 0.01380
1986 9 -0.01595 0.01346
1986 10 -0.01722 0.01351
1986 11 -0.02109 0.01343
1986 12 -0.02415 0.01333
1987 1 -0.02279 0.01284
1987 2 -0.02199 0.01314
1987 3 -0.02009 0.01303
1987 4 -0.01859 0.01284
1987 5 -0.01814 0.01268
1987 6 -0.02062 0.01281
1987 7 -0.02122 0.01280
1987 8 -0.02372 0.01254
1987 9 -0.02270 0.01228
1987 10 -0.02010 0.01220
1987 11 -0.01974 0.01199
1987 12 -0.02216 0.01186
1988 1 -0.02234 0.01163
1988 2 -0.02493 0.01190
1988 3 -0.02222 0.01203
1988 4 -0.02046 0.01212
1988 5 -0.01929 0.01237
1988 6 -0.01989 0.01252
1988 7 -0.02068 0.01253
1988 8 -0.02157 0.01262
1988 9 -0.02255 0.01281
1988 10 -0.02072 0.01314
1988 11 -0.01927 0.01313
1988 12 -0.02291 0.01294
1989 1 -0.02255 0.01229
1989 2 -0.02139 0.01224
1989 3 -0.02080 0.01228
1989 4 -0.01876 0.01246
1989 5 -0.01848 0.01266
1989 6 -0.01746 0.01250
1989 7 -0.01777 0.01220
1989 8 -0.01894 0.01226
1989 9 -0.01998 0.01239
1989 10 -0.02054 0.01253
1989 11 -0.02059 0.01246
1989 12 -0.02206 0.01228
1990 1 -0.02004 0.01194
1990 2 -0.02046 0.01169
1990 3 -0.02047 0.01162
1990 4 -0.01910 0.01189
1990 5 -0.02095 0.01271
1990 6 -0.02678 0.01294
1990 7 -0.02915 0.01304
1990 8 -0.02903 0.01291
1990 9 -0.02570 0.01283
1990 10 -0.02011 0.01226
1990 11 -0.01775 0.01194
1990 12 -0.01863 0.01183
1991 1 -0.01669 0.01253
1991 2 -0.01669 0.01260
1991 3 -0.01274 0.01275
1991 4 -0.01139 0.01285
1991 5 -0.01224 0.01297
1991 6 -0.01956 0.01382
1991 7 -0.01830 0.01410
1991 8 -0.02238 0.01433
1991 9 -0.02110 0.01446
1991 10 -0.01841 0.01511
1991 11 -0.01974 0.01544
1991 12 -0.02261 0.01545
1992 1 -0.02202 0.01473
1992 2 -0.02554 0.01436
1992 3 -0.02435 0.01432
1992 4 -0.02296 0.01424
1992 5 -0.02250 0.01435
1992 6 -0.02170 0.01410
1992 7 -0.02230 0.01330
1992 8 -0.01923 0.01263
1992 9 -0.01865 0.01268
1992 10 -0.01600 0.01231
1992 11 -0.01725 0.01197
1992 12 -0.01848 0.01170
1993 1 -0.01671 0.01122
1993 2 -0.01703 0.01110
1993 3 -0.01778 0.01117
1993 4 -0.02207 0.01150
1993 5 -0.02527 0.01191
1993 6 -0.02947 0.01225
1993 7 -0.02596 0.01276
1993 8 -0.02741 0.01277
1993 9 -0.02433 0.01235
1993 10 -0.02475 0.01193
1993 11 -0.02145 0.01168
1993 12 -0.01866 0.01123
1994 1 -0.01315 0.01058
1994 2 -0.01188 0.01039
1994 3 -0.00979 0.01048
1994 4 -0.01014 0.01067
1994 5 -0.01134 0.01104
1994 6 -0.01536 0.01131
1994 7 -0.01754 0.01191
1994 8 -0.01767 0.01193
1994 9 -0.01646 0.01197
1994 10 -0.01467 0.01154
1994 11 -0.01316 0.01124
1994 12 -0.01312 0.01078
1995 1 -0.01046 0.00980
1995 2 -0.01406 0.00970
1995 3 -0.01450 0.00979
1995 4 -0.01351 0.01015
1995 5 -0.01096 0.01036
1995 6 -0.01315 0.01100
1995 7 -0.01472 0.01190
1995 8 -0.01500 0.01172
1995 9 -0.01667 0.01172
1995 10 -0.01368 0.01170
1995 11 -0.01369 0.01130
1995 12 -0.01128 0.01111
1996 1 -0.00672 0.01111
1996 2 -0.00648 0.01111
1996 3 -0.00404 0.01045
1996 4 -0.00257 0.01069
1996 5 -0.00289 0.01086
1996 6 -0.00415 0.01109
1996 7 -0.00572 0.01143
1996 8 -0.00559 0.01201
1996 9 -0.00733 0.01195
1996 10 -0.00459 0.01185
1996 11 -0.00609 0.01183
1996 12 -0.00647 0.01183
1997 1 -0.00314 0.01123
1997 2 -0.00188 0.01116
1997 3 -0.00106 0.01106
1997 4 -0.00157 0.01120
1997 5 -0.00361 0.01150
1997 6 -0.00662 0.01149
1997 7 -0.00926 0.01141
1997 8 -0.01028 0.01137
1997 9 -0.01138 0.01145
1997 10 -0.01074 0.01128
1997 11 -0.01269 0.01128
1997 12 -0.01169 0.01114
1998 1 -0.01185 0.01061
1998 2 -0.01002 0.01079
1998 3 -0.00648 0.01045
1998 4 -0.00357 0.01030
1998 5 -0.00461 0.01025
1998 6 -0.00204 0.01026
1998 7 0.00056 0.01042
1998 8 0.00197 0.01070
1998 9 0.00448 0.01077
1998 10 0.00784 0.01103
1998 11 0.00896 0.01090
1998 12 0.00597 0.01086
1999 1 0.00612 0.01029
1999 2 0.00471 0.01060
1999 3 0.00530 0.01087
1999 4 0.00765 0.01090
1999 5 0.01045 0.01086
1999 6 0.00709 0.01119
1999 7 0.00544 0.01145
1999 8 0.00439 0.01158
1999 9 0.00747 0.01161
1999 10 0.00752 0.01147
1999 11 0.01054 0.01133
1999 12 0.00932 0.01129
2000 1 0.01131 0.01082
2000 2 0.00740 0.01084
2000 3 0.00528 0.01097
2000 4 0.00377 0.01101
2000 5 0.00407 0.01106
2000 6 0.00443 0.01112
2000 7 0.00680 0.01109
2000 8 0.00923 0.01092
2000 9 0.00767 0.01063
2000 10 0.00865 0.01043
2000 11 0.00632 0.01050
2000 12 0.00513 0.01051
2001 1 0.00526 0.00999
2001 2 0.00474 0.01008
2001 3 0.00425 0.01039
2001 4 0.00426 0.01026
2001 5 0.00541 0.01010
2001 6 0.00758 0.01014
2001 7 0.00967 0.01033
2001 8 0.01027 0.01052
2001 9 0.01140 0.01039
2001 10 0.01157 0.01045
2001 11 0.01243 0.00995
2001 12 0.01131 0.00984
2002 1 0.01547 0.00947
2002 2 0.01604 0.00934
2002 3 0.01734 0.00937
2002 4 0.01863 0.00944
2002 5 0.01973 0.00943
2002 6 0.01935 0.00961
2002 7 0.01835 0.00964
2002 8 0.01923 0.00959
2002 9 0.01799 0.00927
2002 10 0.02224 0.00896
2002 11 0.02417 0.00910
2002 12 0.02527 0.00911
2003 1 0.02829 0.00877
2003 2 0.02962 0.00866
2003 3 0.03101 0.00822
2003 4 0.03231 0.00821
2003 5 0.03311 0.00817
2003 6 0.03152 0.00822
2003 7 0.03036 0.00813
2003 8 0.03085 0.00824
2003 9 0.03089 0.00803
2003 10 0.03176 0.00804
2003 11 0.02932 0.00787
2003 12 0.02581 0.00753
2004 1 0.02651 0.00700
2004 2 0.02506 0.00662
2004 3 0.02608 0.00651
2004 4 0.02799 0.00638
2004 5 0.02812 0.00626
2004 6 0.02764 0.00614
2004 7 0.02905 0.00604
2004 8 0.02940 0.00604
2004 9 0.03074 0.00582
2004 10 0.02927 0.00591
2004 11 0.02910 0.00597
2004 12 0.02706 0.00593
2005 1 0.02717 0.00563
2005 2 0.02552 0.00548
2005 3 0.02630 0.00536
2005 4 0.02798 0.00526
2005 5 0.02798 0.00521
2005 6 0.02782 0.00505
2005 7 0.02880 0.00493
2005 8 0.03030 0.00471
2005 9 0.03083 0.00456
2005 10 0.03267 0.00453
2005 11 0.03242 0.00449
2005 12 0.03334 0.00393
2006 1 0.03677 0.00535
2006 2 0.03494 0.00507
2006 3 0.03616 0.00517
2006 4 0.03811 0.00542
2006 5 0.04126 0.00547
2006 6 0.04094 0.00541
2006 7 0.04082 0.00540
2006 8 0.03718 0.00521
2006 9 0.03482 0.00530
2006 10 0.03283 0.00535
2006 11 0.03357 0.00521
2006 12 0.03275 0.00511
2007 1 0.03743 0.00448
2007 2 0.03424 0.00461
2007 3 0.03191 0.00446
2007 4 0.03033 0.00442
2007 5 0.02951 0.00426
2007 6 0.03096 0.00422
2007 7 0.03325 0.00431
2007 8 0.03432 0.00437
2007 9 0.03540 0.00433
2007 10 0.03741 0.00415
2007 11 0.03708 0.00428
2007 12 0.03642 0.00432
2008 1 0.03921 0.00375
2008 2 0.03994 0.00368
2008 3 0.04012 0.00359
2008 4 0.04106 0.00366
2008 5 0.04121 0.00369
2008 6 0.04262 0.00371
2008 7 0.04223 0.00384
2008 8 0.04314 0.00387
2008 9 0.04070 0.00386
2008 10 0.03820 0.00391
2008 11 0.03674 0.00386
2008 12 0.03656 0.00368
2009 1 0.04029 0.00306
2009 2 0.04274 0.00322
2009 3 0.04490 0.00310
2009 4 0.04482 0.00325
2009 5 0.04237 0.00336
2009 6 0.04134 0.00334
2009 7 0.04152 0.00345
2009 8 0.04128 0.00354
2009 9 0.04228 0.00355
2009 10 0.04296 0.00343
2009 11 0.04248 0.00347
2009 12 0.04194 0.00332
2010 1 0.04271 0.00284
2010 2 0.04141 0.00281
2010 3 0.04025 0.00282
2010 4 0.04121 0.00273
2010 5 0.04194 0.00268
2010 6 0.04229 0.00269
2010 7 0.04185 0.00256
2010 8 0.04276 0.00248
2010 9 0.04316 0.00245
2010 10 0.04496 0.00253
2010 11 0.04347 0.00233
2010 12 0.04356 0.00227
2011 1 0.04538 0.00200
2011 2 0.04530 0.00192
2011 3 0.04720 0.00190
2011 4 0.04849 0.00188
2011 5 0.04884 0.00186
2011 6 0.04851 0.00196
2011 7 0.04797 0.00194
2011 8 0.04954 0.00195
2011 9 0.05109 0.00201
2011 10 0.05018 0.00210
2011 11 0.05080 0.00199
2011 12 0.05005 0.00195
2012 1 0.05442 0.00164
2012 2 0.05574 0.00175
2012 3 0.05566 0.00172
2012 4 0.05440 0.00164
2012 5 0.05312 0.00159
2012 6 0.05140 0.00151
2012 7 0.05102 0.00149
2012 8 0.05090 0.00144
2012 9 0.05206 0.00148
2012 10 0.05299 0.00146
2012 11 0.05334 0.00158
2012 12 0.05456 0.00146
2013 1 0.05759 0.00142
2013 2 0.05948 0.00146
2013 3 0.05779 0.00132
2013 4 0.05626 0.00130
2013 5 0.05561 0.00127
2013 6 0.05458 0.00118
2013 7 0.05302 0.00116
2013 8 0.05455 0.00138
2013 9 0.05690 0.00196
2013 10 0.05924 0.00194
2013 11 0.06142 0.00178
2013 12 0.06145 0.00161
2014 1 0.06315 0.00209
2014 2 0.06153 0.00224
2014 3 0.06085 0.00222
2014 4 0.06005 0.00236
2014 5 0.06120 0.00244
2014 6 0.06326 0.00239
2014 7 0.06334 0.00241
2014 8 0.06130 0.00221
2014 9 0.05956 0.00206
2014 10 0.05917 0.00209
2014 11 0.05891 0.00211
2014 12 0.06017 0.00210
2015 1 0.06635 0.00212
2015 2 0.06822 0.00213
2015 3 0.06898 0.00213
2015 4 0.06930 0.00196
2015 5 0.06916 0.00191
2015 6 0.06841 0.00189
2015 7 0.06878 0.00190
2015 8 0.06850 0.00166
2015 9 0.06746 0.00165
2015 10 0.06533 0.00168
2015 11 0.06561 0.00171
2015 12 0.06578 0.00163
2016 1 0.06765 0.00211
2016 2 0.06611 0.00205
2016 3 0.06550 0.00202
2016 4 0.06567 0.00190
2016 5 0.06477 0.00194
2016 6 0.06591 0.00191
2016 7 0.06608 0.00175
2016 8 0.06628 0.00156
2016 9 0.06517 0.00156
2016 10 0.06709 0.00167
2016 11 0.06744 0.00161
2016 12 0.06969 0.00162
2017 1 0.07271 0.00194
2017 2 0.07455 0.00189
2017 3 0.07734 0.00189
2017 4 0.07817 0.00190
2017 5 0.07755 0.00188
2017 6 0.07583 0.00177
2017 7 0.07628 0.00180
2017 8 0.07551 0.00176
2017 9 0.07750 0.00166
2017 10 0.07792 0.00157
2017 11 0.07670 0.00152
2017 12 0.07519 0.00153
2018 1 0.07670 0.00196
2018 2 0.07785 0.00195
2018 3 0.07848 0.00191
2018 4 0.07755 0.00193
2018 5 0.07740 0.00192
2018 6 0.07463 0.00194
2018 7 0.07447 0.00186
2018 8 0.07484 0.00177
2018 9 0.07495 0.00167
2018 10 0.07665 0.00177
2018 11 0.07775 0.00179
2018 12 0.07733 0.00174
2019 1 0.07894 0.00201
2019 2 0.08081 0.00205
2019 3 0.08503 0.00194
2019 4 0.08633 0.00195
2019 5 0.08581 0.00194
2019 6 0.08358 0.00186
2019 7 0.08401 0.00176
2019 8 0.08344 0.00174
2019 9 0.08302 0.00174
2019 10 0.08286 0.00177
2019 11 0.08300 0.00174
2019 12 0.08583 0.00168
2020 1 0.08880 0.00165
2020 2 0.09038 0.00157
2020 3 0.09045 0.00144
2020 4 0.09009 0.00157
2020 5 0.09015 0.00174
2020 6 0.08771 0.00181
2020 7 0.08458 0.00149
2020 8 0.08263 0.00129
2020 9 0.08289 0.00117
2020 10 0.08426 0.00132
2020 11 0.08586 0.00112
2020 12 0.08540 0.00091
2021 1 0.09032 0.00131
2021 2 0.09240 0.00144
2021 3 0.09335 0.00157
2021 4 0.09304 0.00147
2021 5 0.09421 0.00147
2021 6 0.09552 0.00131
2021 7 0.09474 0.00127
2021 8 0.09359 0.00138
2021 9 0.09214 0.00152
2021 10 0.09114 0.00154
2021 11 0.09131 0.00149
2021 12 0.09153 0.00134
2022 1 0.09538 0.00172
2022 2 0.09819 0.00157
2022 3 0.09822 0.00161
2022 4 0.09933 0.00158
2022 5 0.10001 0.00168
2022 6 0.10030 0.00166
2022 7 0.10199 0.00163
2022 8 0.10078 0.00169
2022 9 0.10142 0.00186
2022 10 0.10222 0.00186
2022 11 0.10080 0.00175
2022 12 0.10020 0.00170
2023 1 0.10303 0.00217
2023 2 0.10348 0.00219
2023 3 0.10670 0.00226
2023 4 0.10693 0.00221
2023 5 0.10640 0.00218
2023 6 0.10620 0.00226
2023 7 0.10601 0.00227
2023 8 0.10540 0.00219
2023 9 0.10553 0.00201
2023 10 0.10619 0.00208
2023 11 0.10514 0.00194
2023 12 0.10398 0.00205
2024 1 0.10886 0.00243
2024 2 0.11090 0.00216
2024 3 0.11135 0.00211
2024 4 0.11187 0.00199
2024 5 0.11244 0.00196
2024 6 0.11363 0.00202
2024 7 0.11270 0.00199
2024 8 0.11160 0.00198
2024 9 0.11063 0.00209
2024 10 0.10815 0.00199
2024 11 0.10808 0.00204
2024 12 0.10769 0.00209
2025 1 0.11042 0.00255
2025 2 0.11235 0.00256
2025 3 0.11531 0.00245
2025 4 0.11924 0.00240
2025 5 0.12109 0.00243
2025 6 0.12229 0.00334
2025 7 0.12408 0.00255
2025 8 0.12452 0.00238
2025 9 0.12444 0.00228
2025 10 0.12276 0.00212
2025 11 0.11905 0.00222
2025 12 0.11693 0.00267
