1940 1  NaN  NaN
1940 2  NaN  NaN
1940 3  NaN  NaN
1940 4  NaN  NaN
1940 5  NaN  NaN
1940 6  NaN  NaN
1940 7  NaN  NaN
1940 8  NaN  NaN
1940 9  NaN  NaN
1940 10  NaN  NaN
1940 11  NaN  NaN
1940 12  NaN  NaN
1941 1  NaN  NaN
1941 2  NaN  NaN
1941 3  NaN  NaN
1941 4  NaN  NaN
1941 5  NaN  NaN
1941 6  NaN  NaN
1941 7  NaN  NaN
1941 8  NaN  NaN
1941 9  NaN  NaN
1941 10  NaN  NaN
1941 11  NaN  NaN
1941 12  NaN  NaN
1942 1  NaN  NaN
1942 2  NaN  NaN
1942 3  NaN  NaN
1942 4  NaN  NaN
1942 5  NaN  NaN
1942 6  NaN  NaN
1942 7  NaN  NaN
1942 8  NaN  NaN
1942 9  NaN  NaN
1942 10  NaN  NaN
1942 11  NaN  NaN
1942 12  NaN  NaN
1943 1  NaN  NaN
1943 2  NaN  NaN
1943 3  NaN  NaN
1943 4  NaN  NaN
1943 5  NaN  NaN
1943 6  NaN  NaN
1943 7  NaN  NaN
1943 8  NaN  NaN
1943 9  NaN  NaN
1943 10  NaN  NaN
1943 11  NaN  NaN
1943 12  NaN  NaN
1944 1  NaN  NaN
1944 2  NaN  NaN
1944 3  NaN  NaN
1944 4  NaN  NaN
1944 5  NaN  NaN
1944 6  NaN  NaN
1944 7  NaN  NaN
1944 8  NaN  NaN
1944 9  NaN  NaN
1944 10  NaN  NaN
1944 11  NaN  NaN
1944 12  NaN  NaN
1945 1  NaN  NaN
1945 2  NaN  NaN
1945 3  NaN  NaN
1945 4  NaN  NaN
1945 5  NaN  NaN
1945 6  NaN  NaN
1945 7  NaN  NaN
1945 8  NaN  NaN
1945 9  NaN  NaN
1945 10  NaN  NaN
1945 11  NaN  NaN
1945 12  NaN  NaN
1946 1  NaN  NaN
1946 2  NaN  NaN
1946 3  NaN  NaN
1946 4  NaN  NaN
1946 5  NaN  NaN
1946 6  NaN  NaN
1946 7  NaN  NaN
1946 8  NaN  NaN
1946 9  NaN  NaN
1946 10  NaN  NaN
1946 11  NaN  NaN
1946 12  NaN  NaN
1947 1  NaN  NaN
1947 2  NaN  NaN
1947 3  NaN  NaN
1947 4  NaN  NaN
1947 5  NaN  NaN
1947 6  NaN  NaN
1947 7  NaN  NaN
1947 8  NaN  NaN
1947 9  NaN  NaN
1947 10  NaN  NaN
1947 11  NaN  NaN
1947 12  NaN  NaN
1948 1  NaN  NaN
1948 2  NaN  NaN
1948 3  NaN  NaN
1948 4  NaN  NaN
1948 5  NaN  NaN
1948 6  NaN  NaN
1948 7  NaN  NaN
1948 8  NaN  NaN
1948 9  NaN  NaN
1948 10  NaN  NaN
1948 11  NaN  NaN
1948 12  NaN  NaN
1949 1  NaN  NaN
1949 2  NaN  NaN
1949 3  NaN  NaN
1949 4  NaN  NaN
1949 5  NaN  NaN
1949 6  NaN  NaN
1949 7  NaN  NaN
1949 8  NaN  NaN
1949 9  NaN  NaN
1949 10  NaN  NaN
1949 11  NaN  NaN
1949 12  NaN  NaN
1950 1  NaN  NaN
1950 2  NaN  NaN
1950 3  NaN  NaN
1950 4  NaN  NaN
1950 5  NaN  NaN
1950 6  NaN  NaN
1950 7  NaN  NaN
1950 8  NaN  NaN
1950 9  NaN  NaN
1950 10  NaN  NaN
1950 11  NaN  NaN
1950 12  NaN  NaN
1951 1  NaN  NaN
1951 2  NaN  NaN
1951 3  NaN  NaN
1951 4  NaN  NaN
1951 5  NaN  NaN
1951 6  NaN  NaN
1951 7  NaN  NaN
1951 8  NaN  NaN
1951 9  NaN  NaN
1951 10  NaN  NaN
1951 11  NaN  NaN
1951 12  NaN  NaN
1952 1  NaN  NaN
1952 2  NaN  NaN
1952 3  NaN  NaN
1952 4  NaN  NaN
1952 5  NaN  NaN
1952 6  NaN  NaN
1952 7  NaN  NaN
1952 8  NaN  NaN
1952 9  NaN  NaN
1952 10  NaN  NaN
1952 11  NaN  NaN
1952 12  NaN  NaN
1953 1  NaN  NaN
1953 2  NaN  NaN
1953 3  NaN  NaN
1953 4  NaN  NaN
1953 5  NaN  NaN
1953 6  NaN  NaN
1953 7  NaN  NaN
1953 8  NaN  NaN
1953 9  NaN  NaN
1953 10  NaN  NaN
1953 11  NaN  NaN
1953 12  NaN  NaN
1954 1  NaN  NaN
1954 2  NaN  NaN
1954 3  NaN  NaN
1954 4  NaN  NaN
1954 5  NaN  NaN
1954 6  NaN  NaN
1954 7  NaN  NaN
1954 8  NaN  NaN
1954 9  NaN  NaN
1954 10  NaN  NaN
1954 11  NaN  NaN
1954 12  NaN  NaN
1955 1  NaN  NaN
1955 2  NaN  NaN
1955 3  NaN  NaN
1955 4  NaN  NaN
1955 5  NaN  NaN
1955 6  NaN  NaN
1955 7  NaN  NaN
1955 8  NaN  NaN
1955 9  NaN  NaN
1955 10  NaN  NaN
1955 11  NaN  NaN
1955 12  NaN  NaN
1956 1  NaN  NaN
1956 2  NaN  NaN
1956 3  NaN  NaN
1956 4  NaN  NaN
1956 5  NaN  NaN
1956 6  NaN  NaN
1956 7  NaN  NaN
1956 8  NaN  NaN
1956 9  NaN  NaN
1956 10  NaN  NaN
1956 11  NaN  NaN
1956 12  NaN  NaN
1957 1  NaN  NaN
1957 2  NaN  NaN
1957 3  NaN  NaN
1957 4  NaN  NaN
1957 5  NaN  NaN
1957 6  NaN  NaN
1957 7  NaN  NaN
1957 8  NaN  NaN
1957 9  NaN  NaN
1957 10  NaN  NaN
1957 11  NaN  NaN
1957 12  NaN  NaN
1958 1  NaN  NaN
1958 2  NaN  NaN
1958 3  NaN  NaN
1958 4  NaN  NaN
1958 5  NaN  NaN
1958 6  NaN  NaN
1958 7  NaN  NaN
1958 8  NaN  NaN
1958 9  NaN  NaN
1958 10  NaN  NaN
1958 11  NaN  NaN
1958 12  NaN  NaN
1959 1  NaN  NaN
1959 2  NaN  NaN
1959 3  NaN  NaN
1959 4  NaN  NaN
1959 5  NaN  NaN
1959 6  NaN  NaN
1959 7  NaN  NaN
1959 8  NaN  NaN
1959 9  NaN  NaN
1959 10  NaN  NaN
1959 11  NaN  NaN
1959 12  NaN  NaN
1960 1  NaN  NaN
1960 2  NaN  NaN
1960 3  NaN  NaN
1960 4  NaN  NaN
1960 5  NaN  NaN
1960 6  NaN  NaN
1960 7  NaN  NaN
1960 8  NaN  NaN
1960 9  NaN  NaN
1960 10  NaN  NaN
1960 11  NaN  NaN
1960 12  NaN  NaN
1961 1  NaN  NaN
1961 2  NaN  NaN
1961 3  NaN  NaN
1961 4  NaN  NaN
1961 5  NaN  NaN
1961 6  NaN  NaN
1961 7  NaN  NaN
1961 8  NaN  NaN
1961 9  NaN  NaN
1961 10  NaN  NaN
1961 11  NaN  NaN
1961 12  NaN  NaN
1962 1  NaN  NaN
1962 2  NaN  NaN
1962 3  NaN  NaN
1962 4  NaN  NaN
1962 5  NaN  NaN
1962 6  NaN  NaN
1962 7  NaN  NaN
1962 8  NaN  NaN
1962 9  NaN  NaN
1962 10  NaN  NaN
1962 11  NaN  NaN
1962 12  NaN  NaN
1963 1  NaN  NaN
1963 2  NaN  NaN
1963 3  NaN  NaN
1963 4  NaN  NaN
1963 5  NaN  NaN
1963 6  NaN  NaN
1963 7  NaN  NaN
1963 8  NaN  NaN
1963 9  NaN  NaN
1963 10  NaN  NaN
1963 11  NaN  NaN
1963 12  NaN  NaN
1964 1  NaN  NaN
1964 2  NaN  NaN
1964 3  NaN  NaN
1964 4  NaN  NaN
1964 5  NaN  NaN
1964 6  NaN  NaN
1964 7  NaN  NaN
1964 8  NaN  NaN
1964 9  NaN  NaN
1964 10  NaN  NaN
1964 11  NaN  NaN
1964 12  NaN  NaN
1965 1  NaN  NaN
1965 2  NaN  NaN
1965 3  NaN  NaN
1965 4  NaN  NaN
1965 5  NaN  NaN
1965 6  NaN  NaN
1965 7  NaN  NaN
1965 8  NaN  NaN
1965 9  NaN  NaN
1965 10  NaN  NaN
1965 11  NaN  NaN
1965 12  NaN  NaN
1966 1  NaN  NaN
1966 2  NaN  NaN
1966 3  NaN  NaN
1966 4  NaN  NaN
1966 5  NaN  NaN
1966 6  NaN  NaN
1966 7  NaN  NaN
1966 8  NaN  NaN
1966 9  NaN  NaN
1966 10  NaN  NaN
1966 11  NaN  NaN
1966 12  NaN  NaN
1967 1  NaN  NaN
1967 2  NaN  NaN
1967 3  NaN  NaN
1967 4  NaN  NaN
1967 5  NaN  NaN
1967 6  NaN  NaN
1967 7  NaN  NaN
1967 8  NaN  NaN
1967 9  NaN  NaN
1967 10  NaN  NaN
1967 11  NaN  NaN
1967 12  NaN  NaN
1968 1  NaN  NaN
1968 2  NaN  NaN
1968 3  NaN  NaN
1968 4  NaN  NaN
1968 5  NaN  NaN
1968 6  NaN  NaN
1968 7  NaN  NaN
1968 8  NaN  NaN
1968 9  NaN  NaN
1968 10  NaN  NaN
1968 11  NaN  NaN
1968 12  NaN  NaN
1969 1  NaN  NaN
1969 2  NaN  NaN
1969 3  NaN  NaN
1969 4  NaN  NaN
1969 5  NaN  NaN
1969 6  NaN  NaN
1969 7  NaN  NaN
1969 8  NaN  NaN
1969 9  NaN  NaN
1969 10  NaN  NaN
1969 11  NaN  NaN
1969 12  NaN  NaN
1970 1  NaN  NaN
1970 2  NaN  NaN
1970 3  NaN  NaN
1970 4  NaN  NaN
1970 5  NaN  NaN
1970 6  NaN  NaN
1970 7  NaN  NaN
1970 8  NaN  NaN
1970 9  NaN  NaN
1970 10  NaN  NaN
1970 11  NaN  NaN
1970 12  NaN  NaN
1971 1  NaN  NaN
1971 2  NaN  NaN
1971 3  NaN  NaN
1971 4  NaN  NaN
1971 5  NaN  NaN
1971 6  NaN  NaN
1971 7  NaN  NaN
1971 8  NaN  NaN
1971 9  NaN  NaN
1971 10  NaN  NaN
1971 11  NaN  NaN
1971 12  NaN  NaN
1972 1  NaN  NaN
1972 2  NaN  NaN
1972 3  NaN  NaN
1972 4  NaN  NaN
1972 5  NaN  NaN
1972 6  NaN  NaN
1972 7  NaN  NaN
1972 8  NaN  NaN
1972 9  NaN  NaN
1972 10  NaN  NaN
1972 11  NaN  NaN
1972 12  NaN  NaN
1973 1  NaN  NaN
1973 2  NaN  NaN
1973 3  NaN  NaN
1973 4  NaN  NaN
1973 5  NaN  NaN
1973 6  NaN  NaN
1973 7  NaN  NaN
1973 8  NaN  NaN
1973 9  NaN  NaN
1973 10  NaN  NaN
1973 11  NaN  NaN
1973 12  NaN  NaN
1974 1  NaN  NaN
1974 2  NaN  NaN
1974 3  NaN  NaN
1974 4  NaN  NaN
1974 5  NaN  NaN
1974 6  NaN  NaN
1974 7  NaN  NaN
1974 8  NaN  NaN
1974 9  NaN  NaN
1974 10  NaN  NaN
1974 11  NaN  NaN
1974 12  NaN  NaN
1975 1  NaN  NaN
1975 2  NaN  NaN
1975 3  NaN  NaN
1975 4  NaN  NaN
1975 5  NaN  NaN
1975 6  NaN  NaN
1975 7  NaN  NaN
1975 8  NaN  NaN
1975 9  NaN  NaN
1975 10  NaN  NaN
1975 11  NaN  NaN
1975 12  NaN  NaN
1976 1  NaN  NaN
1976 2  NaN  NaN
1976 3  NaN  NaN
1976 4  NaN  NaN
1976 5  NaN  NaN
1976 6  NaN  NaN
1976 7  NaN  NaN
1976 8  NaN  NaN
1976 9  NaN  NaN
1976 10  NaN  NaN
1976 11  NaN  NaN
1976 12  NaN  NaN
1977 1  NaN  NaN
1977 2  NaN  NaN
1977 3  NaN  NaN
1977 4  NaN  NaN
1977 5  NaN  NaN
1977 6  NaN  NaN
1977 7  NaN  NaN
1977 8  NaN  NaN
1977 9  NaN  NaN
1977 10  NaN  NaN
1977 11  NaN  NaN
1977 12  NaN  NaN
1978 1  NaN  NaN
1978 2  NaN  NaN
1978 3  NaN  NaN
1978 4  NaN  NaN
1978 5  NaN  NaN
1978 6  NaN  NaN
1978 7  NaN  NaN
1978 8  NaN  NaN
1978 9  NaN  NaN
1978 10  NaN  NaN
1978 11  NaN  NaN
1978 12  NaN  NaN
1979 1  NaN  NaN
1979 2  NaN  NaN
1979 3  NaN  NaN
1979 4  NaN  NaN
1979 5  NaN  NaN
1979 6  NaN  NaN
1979 7  NaN  NaN
1979 8  NaN  NaN
1979 9  NaN  NaN
1979 10  NaN  NaN
1979 11  NaN  NaN
1979 12  NaN  NaN
1980 1  NaN  NaN
1980 2  NaN  NaN
1980 3  NaN  NaN
1980 4  NaN  NaN
1980 5  NaN  NaN
1980 6  NaN  NaN
1980 7  NaN  NaN
1980 8  NaN  NaN
1980 9  NaN  NaN
1980 10  NaN  NaN
1980 11  NaN  NaN
1980 12  NaN  NaN
1981 1  NaN  NaN
1981 2  NaN  NaN
1981 3  NaN  NaN
1981 4  NaN  NaN
1981 5  NaN  NaN
1981 6  NaN  NaN
1981 7  NaN  NaN
1981 8  NaN  NaN
1981 9  NaN  NaN
1981 10  NaN  NaN
1981 11  NaN  NaN
1981 12  NaN  NaN
1982 1  NaN  NaN
1982 2  NaN  NaN
1982 3  NaN  NaN
1982 4  NaN  NaN
1982 5  NaN  NaN
1982 6  NaN  NaN
1982 7  NaN  NaN
1982 8  NaN  NaN
1982 9  NaN  NaN
1982 10  NaN  NaN
1982 11  NaN  NaN
1982 12  NaN  NaN
1983 1  NaN  NaN
1983 2  NaN  NaN
1983 3  NaN  NaN
1983 4  NaN  NaN
1983 5  NaN  NaN
1983 6  NaN  NaN
1983 7  NaN  NaN
1983 8  NaN  NaN
1983 9  NaN  NaN
1983 10  NaN  NaN
1983 11  NaN  NaN
1983 12  NaN  NaN
1984 1  NaN  NaN
1984 2  NaN  NaN
1984 3  NaN  NaN
1984 4  NaN  NaN
1984 5  NaN  NaN
1984 6  NaN  NaN
1984 7  NaN  NaN
1984 8  NaN  NaN
1984 9  NaN  NaN
1984 10  NaN  NaN
1984 11  NaN  NaN
1984 12  NaN  NaN
1985 1  NaN  NaN
1985 2  NaN  NaN
1985 3  NaN  NaN
1985 4  NaN  NaN
1985 5  NaN  NaN
1985 6  NaN  NaN
1985 7  NaN  NaN
1985 8  NaN  NaN
1985 9  NaN  NaN
1985 10  NaN  NaN
1985 11  NaN  NaN
1985 12  NaN  NaN
1986 1  NaN  NaN
1986 2  NaN  NaN
1986 3  NaN  NaN
1986 4  NaN  NaN
1986 5  NaN  NaN
1986 6  NaN  NaN
1986 7  NaN  NaN
1986 8  NaN  NaN
1986 9  NaN  NaN
1986 10  NaN  NaN
1986 11  NaN  NaN
1986 12  NaN  NaN
1987 1  NaN  NaN
1987 2  NaN  NaN
1987 3  NaN  NaN
1987 4  NaN  NaN
1987 5  NaN  NaN
1987 6  NaN  NaN
1987 7  NaN  NaN
1987 8  NaN  NaN
1987 9  NaN  NaN
1987 10  NaN  NaN
1987 11  NaN  NaN
1987 12  NaN  NaN
1988 1  NaN  NaN
1988 2  NaN  NaN
1988 3  NaN  NaN
1988 4  NaN  NaN
1988 5  NaN  NaN
1988 6  NaN  NaN
1988 7  NaN  NaN
1988 8  NaN  NaN
1988 9  NaN  NaN
1988 10  NaN  NaN
1988 11  NaN  NaN
1988 12  NaN  NaN
1989 1  NaN  NaN
1989 2  NaN  NaN
1989 3  NaN  NaN
1989 4  NaN  NaN
1989 5  NaN  NaN
1989 6  NaN  NaN
1989 7  NaN  NaN
1989 8  NaN  NaN
1989 9  NaN  NaN
1989 10  NaN  NaN
1989 11  NaN  NaN
1989 12  NaN  NaN
1990 1  NaN  NaN
1990 2  NaN  NaN
1990 3  NaN  NaN
1990 4  NaN  NaN
1990 5  NaN  NaN
1990 6  NaN  NaN
1990 7  NaN  NaN
1990 8  NaN  NaN
1990 9  NaN  NaN
1990 10  NaN  NaN
1990 11  NaN  NaN
1990 12  NaN  NaN
1991 1  NaN  NaN
1991 2  NaN  NaN
1991 3  NaN  NaN
1991 4  NaN  NaN
1991 5  NaN  NaN
1991 6  NaN  NaN
1991 7  NaN  NaN
1991 8  NaN  NaN
1991 9  NaN  NaN
1991 10  NaN  NaN
1991 11  NaN  NaN
1991 12  NaN  NaN
1992 1 -0.00225 0.00229
1992 2 -0.00202 0.00230
1992 3 -0.00183 0.00229
1992 4 -0.00116 0.00227
1992 5 -0.00142 0.00224
1992 6 -0.00186 0.00221
1992 7 -0.00224 0.00218
1992 8 -0.00207 0.00213
1992 9 -0.00196 0.00210
1992 10 -0.00222 0.00208
1992 11 -0.00206 0.00210
1992 12 -0.00206 0.00210
1993 1 -0.00186 0.00207
1993 2 -0.00203 0.00205
1993 3 -0.00214 0.00205
1993 4 -0.00216 0.00205
1993 5 -0.00227 0.00206
1993 6 -0.00225 0.00204
1993 7 -0.00245 0.00204
1993 8 -0.00248 0.00204
1993 9 -0.00249 0.00205
1993 10 -0.00230 0.00205
1993 11 -0.00255 0.00205
1993 12 -0.00250 0.00205
1994 1 -0.00239 0.00201
1994 2 -0.00228 0.00201
1994 3 -0.00222 0.00202
1994 4 -0.00194 0.00204
1994 5 -0.00164 0.00206
1994 6 -0.00143 0.00206
1994 7 -0.00124 0.00206
1994 8 -0.00140 0.00206
1994 9 -0.00152 0.00208
1994 10 -0.00158 0.00207
1994 11 -0.00207 0.00209
1994 12 -0.00209 0.00209
1995 1 -0.00191 0.00205
1995 2 -0.00207 0.00207
1995 3 -0.00217 0.00207
1995 4 -0.00236 0.00207
1995 5 -0.00209 0.00208
1995 6 -0.00159 0.00209
1995 7 -0.00079 0.00210
1995 8 -0.00052 0.00213
1995 9 -0.00016 0.00217
1995 10 -0.00029 0.00218
1995 11 -0.00048 0.00221
1995 12 -0.00026 0.00222
1996 1 -0.00029 0.00222
1996 2 -0.00030 0.00222
1996 3 -0.00015 0.00220
1996 4 -0.00024 0.00222
1996 5 -0.00016 0.00224
1996 6 -0.00012 0.00224
1996 7 -0.00037 0.00225
1996 8 -0.00052 0.00227
1996 9 -0.00065 0.00233
1996 10 -0.00053 0.00238
1996 11 -0.00055 0.00246
1996 12 -0.00053 0.00246
1997 1 -0.00215 0.00300
1997 2 -0.00225 0.00299
1997 3 -0.00234 0.00300
1997 4 -0.00246 0.00299
1997 5 -0.00268 0.00301
1997 6 -0.00280 0.00304
1997 7 -0.00276 0.00306
1997 8 -0.00260 0.00307
1997 9 -0.00213 0.00312
1997 10 -0.00161 0.00316
1997 11 -0.00249 0.00321
1997 12 -0.00278 0.00322
1998 1 -0.00203 0.00309
1998 2 -0.00228 0.00310
1998 3 -0.00233 0.00311
1998 4 -0.00223 0.00310
1998 5 -0.00211 0.00309
1998 6 -0.00211 0.00309
1998 7 -0.00212 0.00309
1998 8 -0.00218 0.00309
1998 9 -0.00208 0.00310
1998 10 -0.00159 0.00310
1998 11 -0.00203 0.00312
1998 12 -0.00204 0.00312
1999 1 -0.00155 0.00299
1999 2 -0.00151 0.00299
1999 3 -0.00183 0.00299
1999 4 -0.00199 0.00299
1999 5 -0.00199 0.00299
1999 6 -0.00214 0.00298
1999 7 -0.00226 0.00297
1999 8 -0.00239 0.00296
1999 9 -0.00201 0.00297
1999 10 -0.00221 0.00298
1999 11 -0.00220 0.00296
1999 12 -0.00228 0.00296
2000 1 -0.00153 0.00271
2000 2 -0.00139 0.00271
2000 3 -0.00172 0.00272
2000 4 -0.00184 0.00273
2000 5 -0.00193 0.00274
2000 6 -0.00202 0.00275
2000 7 -0.00191 0.00274
2000 8 -0.00196 0.00275
2000 9 -0.00190 0.00276
2000 10 -0.00183 0.00278
2000 11 -0.00179 0.00280
2000 12 -0.00186 0.00280
2001 1 -0.00169 0.00264
2001 2 -0.00159 0.00264
2001 3 -0.00147 0.00265
2001 4 -0.00128 0.00258
2001 5 -0.00123 0.00252
2001 6 -0.00133 0.00249
2001 7 -0.00151 0.00251
2001 8 -0.00168 0.00250
2001 9 -0.00190 0.00249
2001 10 -0.00185 0.00249
2001 11 -0.00177 0.00249
2001 12 -0.00187 0.00249
2002 1 -0.00142 0.00234
2002 2 -0.00153 0.00234
2002 3 -0.00142 0.00234
2002 4 -0.00129 0.00234
2002 5 -0.00117 0.00235
2002 6 -0.00126 0.00234
2002 7 -0.00103 0.00230
2002 8 -0.00101 0.00228
2002 9 -0.00106 0.00227
2002 10 -0.00104 0.00227
2002 11 -0.00100 0.00226
2002 12 -0.00115 0.00226
2003 1 -0.00059 0.00212
2003 2 -0.00079 0.00213
2003 3 -0.00088 0.00214
2003 4 -0.00076 0.00214
2003 5 -0.00055 0.00216
2003 6 -0.00025 0.00216
2003 7 0.00004 0.00215
2003 8 0.00008 0.00214
2003 9 -0.00005 0.00211
2003 10 -0.00007 0.00210
2003 11 -0.00005 0.00211
2003 12 -0.00006 0.00214
2004 1 0.00071 0.00200
2004 2 0.00087 0.00200
2004 3 0.00082 0.00200
2004 4 0.00077 0.00199
2004 5 0.00084 0.00198
2004 6 0.00101 0.00199
2004 7 0.00119 0.00197
2004 8 0.00116 0.00197
2004 9 0.00109 0.00197
2004 10 0.00102 0.00198
2004 11 0.00094 0.00197
2004 12 0.00095 0.00197
2005 1 0.00138 0.00182
2005 2 0.00141 0.00183
2005 3 0.00133 0.00184
2005 4 0.00115 0.00184
2005 5 0.00110 0.00183
2005 6 0.00112 0.00183
2005 7 0.00131 0.00184
2005 8 0.00133 0.00184
2005 9 0.00139 0.00184
2005 10 0.00136 0.00182
2005 11 0.00137 0.00182
2005 12 0.00156 0.00159
2006 1 0.00203 0.00146
2006 2 0.00216 0.00146
2006 3 0.00226 0.00148
2006 4 0.00217 0.00148
2006 5 0.00201 0.00148
2006 6 0.00173 0.00149
2006 7 0.00163 0.00148
2006 8 0.00137 0.00144
2006 9 0.00123 0.00142
2006 10 0.00111 0.00141
2006 11 0.00111 0.00143
2006 12 0.00098 0.00145
2007 1 0.00125 0.00130
2007 2 0.00122 0.00130
2007 3 0.00118 0.00132
2007 4 0.00128 0.00131
2007 5 0.00132 0.00129
2007 6 0.00164 0.00127
2007 7 0.00182 0.00126
2007 8 0.00196 0.00126
2007 9 0.00207 0.00129
2007 10 0.00207 0.00131
2007 11 0.00225 0.00131
2007 12 0.00238 0.00131
2008 1 0.00296 0.00114
2008 2 0.00289 0.00113
2008 3 0.00286 0.00113
2008 4 0.00292 0.00113
2008 5 0.00298 0.00113
2008 6 0.00292 0.00112
2008 7 0.00283 0.00111
2008 8 0.00310 0.00112
2008 9 0.00304 0.00112
2008 10 0.00295 0.00112
2008 11 0.00293 0.00112
2008 12 0.00297 0.00112
2009 1 0.00328 0.00094
2009 2 0.00333 0.00095
2009 3 0.00322 0.00096
2009 4 0.00314 0.00096
2009 5 0.00319 0.00094
2009 6 0.00303 0.00093
2009 7 0.00315 0.00092
2009 8 0.00319 0.00092
2009 9 0.00321 0.00092
2009 10 0.00308 0.00091
2009 11 0.00307 0.00091
2009 12 0.00308 0.00091
2010 1 0.00375 0.00072
2010 2 0.00356 0.00071
2010 3 0.00359 0.00069
2010 4 0.00361 0.00069
2010 5 0.00371 0.00068
2010 6 0.00367 0.00068
2010 7 0.00342 0.00068
2010 8 0.00343 0.00067
2010 9 0.00351 0.00066
2010 10 0.00366 0.00067
2010 11 0.00361 0.00067
2010 12 0.00375 0.00066
2011 1 0.00451 0.00048
2011 2 0.00450 0.00047
2011 3 0.00449 0.00047
2011 4 0.00444 0.00046
2011 5 0.00449 0.00046
2011 6 0.00443 0.00045
2011 7 0.00441 0.00044
2011 8 0.00433 0.00045
2011 9 0.00434 0.00047
2011 10 0.00439 0.00048
2011 11 0.00439 0.00049
2011 12 0.00427 0.00048
2012 1 0.00490 0.00034
2012 2 0.00493 0.00033
2012 3 0.00505 0.00034
2012 4 0.00502 0.00034
2012 5 0.00494 0.00035
2012 6 0.00507 0.00035
2012 7 0.00512 0.00036
2012 8 0.00517 0.00037
2012 9 0.00516 0.00037
2012 10 0.00525 0.00037
2012 11 0.00526 0.00038
2012 12 0.00510 0.00038
2013 1 0.00586 0.00031
2013 2 0.00588 0.00031
2013 3 0.00595 0.00031
2013 4 0.00594 0.00031
2013 5 0.00584 0.00031
2013 6 0.00592 0.00031
2013 7 0.00600 0.00030
2013 8 0.00586 0.00028
2013 9 0.00591 0.00036
2013 10 0.00594 0.00035
2013 11 0.00588 0.00034
2013 12 0.00590 0.00032
2014 1 0.00643 0.00050
2014 2 0.00634 0.00049
2014 3 0.00634 0.00048
2014 4 0.00643 0.00048
2014 5 0.00650 0.00048
2014 6 0.00669 0.00047
2014 7 0.00669 0.00047
2014 8 0.00661 0.00047
2014 9 0.00665 0.00047
2014 10 0.00669 0.00045
2014 11 0.00671 0.00044
2014 12 0.00678 0.00043
2015 1 0.00756 0.00046
2015 2 0.00771 0.00049
2015 3 0.00758 0.00049
2015 4 0.00758 0.00048
2015 5 0.00756 0.00047
2015 6 0.00743 0.00046
2015 7 0.00745 0.00046
2015 8 0.00750 0.00046
2015 9 0.00740 0.00044
2015 10 0.00738 0.00043
2015 11 0.00730 0.00042
2015 12 0.00731 0.00041
2016 1 0.00806 0.00058
2016 2 0.00816 0.00057
2016 3 0.00820 0.00056
2016 4 0.00828 0.00055
2016 5 0.00835 0.00054
2016 6 0.00832 0.00053
2016 7 0.00837 0.00053
2016 8 0.00823 0.00052
2016 9 0.00836 0.00051
2016 10 0.00847 0.00050
2016 11 0.00856 0.00049
2016 12 0.00850 0.00048
2017 1 0.00925 0.00063
2017 2 0.00929 0.00061
2017 3 0.00925 0.00061
2017 4 0.00937 0.00060
2017 5 0.00959 0.00058
2017 6 0.00967 0.00056
2017 7 0.00963 0.00055
2017 8 0.00965 0.00053
2017 9 0.00975 0.00051
2017 10 0.00984 0.00050
2017 11 0.00988 0.00048
2017 12 0.00996 0.00047
2018 1 0.01067 0.00061
2018 2 0.01065 0.00062
2018 3 0.01048 0.00061
2018 4 0.01032 0.00059
2018 5 0.01036 0.00059
2018 6 0.01020 0.00058
2018 7 0.01030 0.00057
2018 8 0.01074 0.00056
2018 9 0.01091 0.00056
2018 10 0.01113 0.00055
2018 11 0.01120 0.00056
2018 12 0.01104 0.00055
2019 1 0.01187 0.00067
2019 2 0.01194 0.00065
2019 3 0.01195 0.00063
2019 4 0.01181 0.00061
2019 5 0.01186 0.00059
2019 6 0.01204 0.00058
2019 7 0.01202 0.00058
2019 8 0.01218 0.00057
2019 9 0.01254 0.00058
2019 10 0.01269 0.00057
2019 11 0.01277 0.00056
2019 12 0.01284 0.00054
2020 1 0.01347 0.00053
2020 2 0.01337 0.00050
2020 3 0.01326 0.00048
2020 4 0.01325 0.00046
2020 5 0.01337 0.00044
2020 6 0.01333 0.00043
2020 7 0.01334 0.00042
2020 8 0.01359 0.00041
2020 9 0.01368 0.00041
2020 10 0.01388 0.00040
2020 11 0.01388 0.00037
2020 12 0.01385 0.00036
2021 1 0.01454 0.00051
2021 2 0.01439 0.00049
2021 3 0.01432 0.00047
2021 4 0.01411 0.00045
2021 5 0.01423 0.00045
2021 6 0.01428 0.00043
2021 7 0.01434 0.00041
2021 8 0.01427 0.00039
2021 9 0.01441 0.00038
2021 10 0.01449 0.00036
2021 11 0.01430 0.00036
2021 12 0.01431 0.00035
2022 1 0.01502 0.00046
2022 2 0.01498 0.00045
2022 3 0.01492 0.00042
2022 4 0.01499 0.00040
2022 5 0.01505 0.00039
2022 6 0.01496 0.00038
2022 7 0.01480 0.00036
2022 8 0.01462 0.00032
2022 9 0.01469 0.00029
2022 10 0.01465 0.00028
2022 11 0.01483 0.00027
2022 12 0.01487 0.00027
2023 1 0.01553 0.00039
2023 2 0.01564 0.00039
2023 3 0.01580 0.00039
2023 4 0.01588 0.00038
2023 5 0.01590 0.00039
2023 6 0.01596 0.00039
2023 7 0.01624 0.00039
2023 8 0.01607 0.00040
2023 9 0.01590 0.00039
2023 10 0.01548 0.00040
2023 11 0.01520 0.00041
2023 12 0.01516 0.00040
2024 1 0.01539 0.00051
2024 2 0.01538 0.00051
2024 3 0.01548 0.00051
2024 4 0.01547 0.00051
2024 5 0.01553 0.00052
2024 6 0.01546 0.00052
2024 7 0.01555 0.00052
2024 8 0.01538 0.00051
2024 9 0.01514 0.00050
2024 10 0.01507 0.00051
2024 11 0.01513 0.00051
2024 12 0.01509 0.00052
2025 1 0.01555 0.00062
2025 2 0.01550 0.00062
2025 3 0.01526 0.00061
2025 4 0.01513 0.00060
2025 5 0.01534 0.00058
2025 6 0.01544 0.00058
2025 7 0.01626 0.00061
2025 8 0.01581 0.00063
2025 9 0.01587 0.00064
2025 10 0.01559 0.00064
2025 11 0.01581 0.00067
2025 12 0.01591 0.00069
